[ 7848773632800315000,
  51,
  2148746360237048300,
  121,
  4741626640182173000,
  326,
  3724239621558735400,
  350,
  2328603106441476000,
  401,
  4487947646358794000,
  470,
  3022372737900827000,
  512,
  3661170958451482600,
  544,
  3388956510765638000,
  611,
  2031824001741865700,
  649,
  3999717323089255000,
  671,
  4320154720,
  25187584,
  4320155264,
  25188048,
  4320156056,
  25188936,
  4320156808,
  25189688,
  4320157480,
  25190360,
  4320158208,
  25191088,
  4320158960,
  25205960,
  4320173624,
  25206504,
  4320174952,
  25207736,
  4320176224,
  25209008,
  4320177448,
  25210376 ]
